0737
0282
0280
1157
0754
0284
1018
0422
0147
0382
0239
0161
1303
0413
0485
0243
1240
0423
1233
0757
0406
0062
0129
0219
0208
0201
1301
1162
0086
1089
0384
1191
0151
1197
0229
0238
1278
0573
0288
0169
1300
0264
1298
0748
0230
0408
0772
0377
1314
0411
1087
0302
0291
0246
1304
0046
0241
0719
0405
0258
0248
1142
0018
0052
0568
1097
0216
0823
0392
0051
0217
1257
0740
0049
0517
0165
0379
1068
0152
1154
0160
0734
0378
1021
0604
0276
1067
1094
0132
0025
1072
0220
0168
0287
0061
0657
0758
0590
1151
0539
1184
0380
0427
0386
1302
1059
1316
0171
0774
0762
1308
0260
0494
1073
0197
1313
0226
0130
